2_ee3b373aee74624ef228e31b813ebbce
433.49;413.01;65.18;258.90;129.45
3_eaf341c056c79bec1a2c782fdbf60db6
450.56;375.47;76.73;329.69;164.85
3_ef631a2ce94fae3ab8966911a5afa22c
426.67;416.43;36.12;211.48;105.74
1_e9ea626471943765771af8cddf21d192
460.80;399.36;-49.13;319.95;159.98
0_fadac10594496df63c143af07c12991a
399.36;419.84;38.24;265.07;132.53
0_f452c1053f88cd2fc21f7907838a35d1
419.84;365.23;61.43;213.01;106.50
0_f2ba9313c296613f2ca9191cfd66b49
399.36;399.36;-81.48;380.63;190.32
1_ec11c0a5fe874c5b67e07cf04e628b2b
443.73;378.88;-78.17;281.49;140.75
4_fde24d725830d12a26f0038a269bcb7c
532.48;375.47;48.80;219.85;109.93
0_e95a0f472138026feabad247a05ad956
426.67;440.32;18.02;312.85;156.42
1_e7de8a24dfc385d92715de3ea7b582d7
436.91;358.40;-9.76;228.71;114.36
0_eb6646d3590c467f1cf3fe6240494178
423.25;348.16;-25.13;191.71;95.86
3_fd124209f0bc1222f34e56d1d9ad8c65
447.15;409.60;-69.33;356.20;178.10
0_eb0d19ccdeb98cff88e7662971dc736f
515.41;300.37;73.71;219.63;109.81
1_fce717669ca521884e1a9fae5403e01f
433.49;389.12;10.39;261.39;130.69
1_e9150ed4676f9be08d1fe8cdc415f4c5
436.91;365.23;77.17;268.68;134.34
3_f31648796796cff297c8d78b9aede742
389.12;378.88;-56.59;315.62;157.81
4_f2e6af4886cd59e250f3a2fc91e9b3c5
378.88;447.15;28.45;294.18;147.09
0_f6b32f4350586d11512e3a7413d5083f
467.63;409.60;-48.52;330.80;165.40
2_fa23aa60ec51c8e4c40fe5637f0a27e1
433.49;413.01;80.10;281.96;140.98
3_f16b5decf3dcfbb8b8183a4a81361b94
372.05;361.81;-28.06;246.83;123.42
0_ed385f53a7269d004e863b57c8efef44
484.69;409.60;-71.62;331.39;165.69
1_f0b9b5c45838153932a526e2e9a7e9ae
443.73;409.60;-31.04;333.00;166.50
1_ed5f123c49704c70d61a9893b9a17693
440.32;375.47;41.57;226.71;113.35
